0.000000000000000000e+00 8.440356014027420306e-01
5.005005005005004962e-03 8.440882281732371428e-01
1.001001001001000992e-02 8.441372130423527853e-01
1.501501501501501488e-02 8.441827038105542691e-01
2.002002002002001985e-02 8.442248451505984796e-01
2.502502502502502307e-02 8.442637786626857599e-01
3.003003003003002977e-02 8.442996429284183035e-01
3.503503503503503647e-02 8.443325735636020291e-01
4.004004004004003969e-02 8.443627032699274615e-01
4.504504504504504292e-02 8.443901618855640390e-01
5.005005005005004615e-02 8.444150764347009286e-01
5.505505505505505631e-02 8.444375711760652159e-01
6.006006006006005954e-02 8.444577676504493313e-01
6.506506506506506970e-02 8.444757847272759133e-01
7.007007007007007293e-02 8.444917386502278633e-01
7.507507507507507616e-02 8.445057430819720157e-01
8.008008008008007939e-02 8.445179091480006228e-01
8.508508508508508261e-02 8.445283454796175260e-01
9.009009009009008584e-02 8.445371582560909918e-01
9.509509509509508907e-02 8.445444512459980846e-01
1.001001001001000923e-01 8.445503258477811137e-01
1.051051051051051094e-01 8.445548811295393588e-01
1.101101101101101126e-01 8.445582138680753914e-01
1.151151151151151159e-01 8.445604185872149783e-01
1.201201201201201191e-01 8.445615875954222140e-01
1.251251251251251362e-01 8.445618110227257613e-01
1.301301301301301394e-01 8.445611768569745159e-01
1.351351351351351426e-01 8.445597709794411267e-01
1.401401401401401459e-01 8.445576771997864718e-01
1.451451451451451491e-01 8.445549772904051844e-01
1.501501501501501523e-01 8.445517510201636657e-01
1.551551551551551555e-01 8.445480761875467923e-01
1.601601601601601588e-01 8.445440286532286400e-01
1.651651651651651620e-01 8.445396823720776602e-01
1.701701701701701652e-01 8.445351094246131840e-01
1.751751751751751685e-01 8.445303800479230238e-01
1.801801801801801717e-01 8.445255626660557180e-01
1.851851851851851749e-01 8.445207239198994076e-01
1.901901901901901781e-01 8.445159286965580048e-01
1.951951951951951814e-01 8.445112401582361983e-01
2.002002002002001846e-01 8.445067197708830964e-01
2.052052052052052156e-01 8.445024315519865654e-01
2.102102102102102188e-01 8.444984529091574821e-01
2.152152152152152220e-01 8.444948631049419285e-01
2.202202202202202252e-01 8.444917399773282929e-01
2.252252252252252285e-01 8.444891599679739125e-01
2.302302302302302317e-01 8.444871981498518476e-01
2.352352352352352349e-01 8.444859282543355494e-01
2.402402402402402382e-01 8.444854226977315248e-01
2.452452452452452414e-01 8.444857526072764298e-01
2.502502502502502724e-01 8.444869878466072510e-01
2.552552552552552756e-01 8.444891970407215620e-01
2.602602602602602788e-01 8.444924476004349589e-01
2.652652652652652820e-01 8.444968057463508870e-01
2.702702702702702853e-01 8.445023365323522935e-01
2.752752752752752885e-01 8.445091038686262097e-01
2.802802802802802917e-01 8.445171705442324761e-01
2.852852852852852950e-01 8.445265982492260459e-01
2.902902902902902982e-01 8.445374475963430827e-01
2.952952952952953014e-01 8.445497781422613981e-01
3.003003003003003046e-01 8.445636484075020878e-01
3.053053053053053079e-01 8.445791107046525248e-01
3.103103103103103111e-01 8.445961989186999697e-01
3.153153153153153143e-01 8.446149421544938418e-01
3.203203203203203175e-01 8.446353683658214262e-01
3.253253253253253208e-01 8.446575043733914878e-01
3.303303303303303240e-01 8.446813758825671981e-01
3.353353353353353272e-01 8.447070075008495937e-01
3.403403403403403304e-01 8.447344227551171203e-01
3.453453453453453337e-01 8.447636441086233683e-01
3.503503503503503369e-01 8.447946929777568892e-01
3.553553553553553401e-01 8.448275897485660879e-01
3.603603603603603434e-01 8.448623537930521898e-01
3.653653653653653466e-01 8.448990034852338349e-01
3.703703703703703498e-01 8.449375562169865184e-01
3.753753753753753530e-01 8.449780284136580999e-01
3.803803803803803563e-01 8.450204355494662645e-01
3.853853853853853595e-01 8.450647921626781578e-01
3.903903903903903627e-01 8.451111118705763037e-01
3.953953953953953659e-01 8.451594073842138011e-01
4.004004004004003692e-01 8.452096905242109104e-01
4.054054054054054279e-01 8.452619753127704749e-01
4.104104104104104311e-01 8.453162846513433415e-01
4.154154154154154344e-01 8.453726425987742044e-01
4.204204204204204376e-01 8.454310724857023729e-01
4.254254254254254408e-01 8.454915969280935029e-01
4.304304304304304440e-01 8.455542378405361825e-01
4.354354354354354473e-01 8.456190164493115891e-01
4.404404404404404505e-01 8.456859533052375477e-01
4.454454454454454537e-01 8.457550682962917676e-01
4.504504504504504570e-01 8.458263806600179180e-01
4.554554554554554602e-01 8.458999089957175421e-01
4.604604604604604634e-01 8.459756712764330278e-01
4.654654654654654666e-01 8.460536848607234095e-01
4.704704704704704699e-01 8.461339665042376668e-01
4.754754754754754731e-01 8.462165323710882925e-01
4.804804804804804763e-01 8.463013980450287965e-01
4.854854854854854795e-01 8.463885785404384743e-01
4.904904904904904828e-01 8.464780883131172162e-01
4.954954954954954860e-01 8.465699412708939109e-01
5.005005005005005447e-01 8.466641507826133672e-01
5.055055055055055480e-01 8.467607277769956253e-01
5.105105105105105512e-01 8.468596769585804429e-01
5.155155155155155544e-01 8.469610014171166101e-01
5.205205205205205576e-01 8.470647036846061795e-01
5.255255255255255609e-01 8.471707857450446744e-01
5.305305305305305641e-01 8.472792490440107516e-01
5.355355355355355673e-01 8.473900944981052064e-01
5.405405405405405705e-01 8.475033225042425400e-01
5.455455455455455738e-01 8.476189329487971991e-01
5.505505505505505770e-01 8.477369252166055968e-01
5.555555555555555802e-01 8.478572981998273583e-01
5.605605605605605835e-01 8.479800503066668993e-01
5.655655655655655867e-01 8.481051794699563384e-01
5.705705705705705899e-01 8.482326831556041835e-01
5.755755755755755931e-01 8.483625583709101248e-01
5.805805805805805964e-01 8.484948016727466014e-01
5.855855855855855996e-01 8.486294091756120261e-01
5.905905905905906028e-01 8.487663765595550025e-01
5.955955955955956060e-01 8.489056990779724199e-01
6.006006006006006093e-01 8.490473715710449287e-01
6.056056056056056125e-01 8.491913931365796531e-01
6.106106106106106157e-01 8.493377756081431640e-01
6.156156156156156189e-01 8.494865328219551870e-01
6.206206206206206222e-01 8.496376783549633993e-01
6.256256256256256254e-01 8.497912255312540797e-01
6.306306306306306286e-01 8.499471874283303086e-01
6.356356356356356319e-01 8.501055768832612713e-01
6.406406406406406351e-01 8.502664064987031090e-01
6.456456456456456383e-01 8.504296886487954232e-01
6.506506506506506415e-01 8.505954354849356580e-01
6.556556556556556448e-01 8.507636589414327988e-01
6.606606606606606480e-01 8.509343707410441660e-01
6.656656656656656512e-01 8.511075824003956347e-01
6.706706706706706544e-01 8.512833052352901664e-01
6.756756756756756577e-01 8.514615503659036522e-01
6.806806806806806609e-01 8.516423287218739535e-01
6.856856856856856641e-01 8.518256510472814735e-01
6.906906906906906674e-01 8.520115279055260338e-01
6.956956956956956706e-01 8.521999696841009442e-01
7.007007007007006738e-01 8.523909865774543793e-01
7.057057057057056770e-01 8.525845769055445666e-01
7.107107107107106803e-01 8.527807077333697805e-01
7.157157157157156835e-01 8.529793406308181503e-01
7.207207207207206867e-01 8.531804367272345369e-01
7.257257257257256899e-01 8.533839567174738017e-01
7.307307307307306932e-01 8.535898608678867960e-01
7.357357357357356964e-01 8.537981090222380720e-01
7.407407407407406996e-01 8.540086606075584230e-01
7.457457457457457028e-01 8.542214746399290348e-01
7.507507507507507061e-01 8.544365097302011325e-01
7.557557557557557093e-01 8.546537240896479037e-01
7.607607607607607125e-01 8.548730755355531397e-01
7.657657657657657158e-01 8.550945214967333730e-01
7.707707707707707190e-01 8.553180190189952903e-01
7.757757757757757222e-01 8.555435247705307500e-01
7.807807807807807254e-01 8.557709950472450755e-01
7.857857857857857287e-01 8.560003857780248415e-01
7.907907907907907319e-01 8.562316525299407122e-01
7.957957957957957351e-01 8.564647505133892169e-01
8.008008008008007383e-01 8.566996346345470137e-01
8.058058058058058526e-01 8.569362773426248969e-01
8.108108108108108558e-01 8.571746956010155571e-01
8.158158158158158590e-01 8.574149132686099684e-01
8.208208208208208623e-01 8.576569542560511517e-01
8.258258258258258655e-01 8.579008425276822836e-01
8.308308308308308687e-01 8.581466021034253044e-01
8.358358358358358720e-01 8.583942570605890277e-01
8.408408408408408752e-01 8.586438315356115236e-01
8.458458458458458784e-01 8.588953497257352243e-01
8.508508508508508816e-01 8.591488358906198552e-01
8.558558558558558849e-01 8.594043143538918628e-01
8.608608608608608881e-01 8.596618095046331121e-01
8.658658658658658913e-01 8.599213457988126308e-01
8.708708708708708945e-01 8.601829477606576235e-01
8.758758758758758978e-01 8.604466399839713064e-01
8.808808808808809010e-01 8.607124471333945648e-01
8.858858858858859042e-01 8.609803939456154298e-01
8.908908908908909074e-01 8.612505052305263753e-01
8.958958958958959107e-01 8.615228058723312099e-01
9.009009009009009139e-01 8.617973207609124220e-01
9.059059059059059171e-01 8.620740554821018087e-01
9.109109109109109204e-01 8.623529697970448993e-01
9.159159159159159236e-01 8.626340165992104625e-01
9.209209209209209268e-01 8.629171484984390350e-01
9.259259259259259300e-01 8.632023178246708284e-01
9.309309309309309333e-01 8.634894766316331127e-01
9.359359359359359365e-01 8.637785767004839688e-01
9.409409409409409397e-01 8.640695695434167378e-01
9.459459459459459429e-01 8.643624064072210622e-01
9.509509509509509462e-01 8.646570382768042906e-01
9.559559559559559494e-01 8.649534158786715832e-01
9.609609609609609526e-01 8.652514896843661596e-01
9.659659659659659559e-01 8.655512099138689130e-01
9.709709709709709591e-01 8.658525265389589443e-01
9.759759759759759623e-01 8.661553892865341275e-01
9.809809809809809655e-01 8.664597476418925970e-01
9.859859859859859688e-01 8.667655508519763741e-01
9.909909909909909720e-01 8.670727479285751382e-01
9.959959959959959752e-01 8.673812876514928050e-01
1.001001001001001089e+00 8.677222556802233200e-01
1.006006006006006093e+00 8.681880601376233964e-01
1.011011011011011096e+00 8.686535113150422038e-01
1.016016016016016099e+00 8.691186186002314296e-01
1.021021021021021102e+00 8.695833913809425386e-01
1.026026026026026106e+00 8.700478390449272181e-01
1.031031031031031109e+00 8.705119709799370442e-01
1.036036036036036112e+00 8.709757965737235930e-01
1.041041041041041115e+00 8.714393252140384405e-01
1.046046046046046119e+00 8.719025662886332739e-01
1.051051051051051122e+00 8.723655291852595584e-01
1.056056056056056125e+00 8.728282232916690919e-01
1.061061061061061128e+00 8.732906579956132287e-01
1.066066066066066131e+00 8.737528426848438778e-01
1.071071071071071135e+00 8.742147867471123934e-01
1.076076076076076138e+00 8.746764995701705736e-01
1.081081081081081141e+00 8.751379905417697724e-01
1.086086086086086144e+00 8.755992690496617881e-01
1.091091091091091148e+00 8.760603444815981966e-01
1.096096096096096151e+00 8.765212262253306852e-01
1.101101101101101154e+00 8.769819236147182728e-01
1.106106106106106157e+00 8.774424370087140490e-01
1.111111111111111160e+00 8.779027478293502940e-01
1.116116116116116164e+00 8.783628350968293308e-01
1.121121121121121167e+00 8.788226778313531495e-01
1.126126126126126170e+00 8.792822550531240733e-01
1.131131131131131173e+00 8.797415457823443141e-01
1.136136136136136177e+00 8.802005290392159731e-01
1.141141141141141180e+00 8.806591838439413733e-01
1.146146146146146183e+00 8.811174892167226158e-01
1.151151151151151186e+00 8.815754241777619127e-01
1.156156156156156189e+00 8.820329677472614760e-01
1.161161161161161193e+00 8.824900989454235178e-01
1.166166166166166196e+00 8.829467967924501393e-01
1.171171171171171199e+00 8.834030403085437744e-01
1.176176176176176202e+00 8.838588085139063022e-01
1.181181181181181206e+00 8.843140804287401568e-01
1.186186186186186209e+00 8.847688350732473284e-01
1.191191191191191212e+00 8.852230514676302509e-01
1.196196196196196215e+00 8.856767086320909144e-01
1.201201201201201219e+00 8.861297856144730867e-01
1.206206206206206222e+00 8.865822651643936458e-01
1.211211211211211225e+00 8.870341374214517627e-01
1.216216216216216228e+00 8.874853934029891533e-01
1.221221221221221231e+00 8.879360241263477560e-01
1.226226226226226235e+00 8.883860206088692868e-01
1.231231231231231238e+00 8.888353738678955729e-01
1.236236236236236241e+00 8.892840749207683304e-01
1.241241241241241244e+00 8.897321147848296086e-01
1.246246246246246248e+00 8.901794844774209015e-01
1.251251251251251251e+00 8.906261750158843693e-01
1.256256256256256254e+00 8.910721774175615062e-01
1.261261261261261257e+00 8.915174826997942503e-01
1.266266266266266260e+00 8.919620818799243178e-01
1.271271271271271264e+00 8.924059659752936469e-01
1.276276276276276267e+00 8.928491260032440646e-01
1.281281281281281270e+00 8.932915529811172872e-01
1.286286286286286273e+00 8.937332379262550308e-01
1.291291291291291277e+00 8.941741718559992336e-01
1.296296296296296280e+00 8.946143457876917227e-01
1.301301301301301283e+00 8.950537507686032734e-01
1.306306306306306286e+00 8.954923811326033212e-01
1.311311311311311290e+00 8.959302374240267763e-01
1.316316316316316293e+00 8.963673208772389156e-01
1.321321321321321296e+00 8.968036327266052377e-01
1.326326326326326299e+00 8.972391742064909081e-01
1.331331331331331302e+00 8.976739465512615368e-01
1.336336336336336306e+00 8.981079509952822892e-01
1.341341341341341309e+00 8.985411887729186642e-01
1.346346346346346312e+00 8.989736611185359383e-01
1.351351351351351315e+00 8.994053692664996102e-01
1.356356356356356319e+00 8.998363144511750678e-01
1.361361361361361322e+00 9.002664979069274764e-01
1.366366366366366325e+00 9.006959208681224460e-01
1.371371371371371328e+00 9.011245845691251422e-01
1.376376376376376331e+00 9.015524902443010635e-01
1.381381381381381335e+00 9.019796391280155978e-01
1.386386386386386338e+00 9.024060324546341327e-01
1.391391391391391341e+00 9.028316714585218339e-01
1.396396396396396344e+00 9.032565573740443110e-01
1.401401401401401348e+00 9.036806913440006417e-01
1.406406406406406351e+00 9.041040661298138659e-01
1.411411411411411354e+00 9.045266594955403416e-01
1.416416416416416357e+00 9.049484476483441453e-01
1.421421421421421361e+00 9.053694067953892421e-01
1.426426426426426364e+00 9.057895131438398195e-01
1.431431431431431367e+00 9.062087429008600648e-01
1.436436436436436370e+00 9.066270722736139431e-01
1.441441441441441373e+00 9.070444774692655310e-01
1.446446446446446377e+00 9.074609346949790156e-01
1.451451451451451380e+00 9.078764201579184734e-01
1.456456456456456383e+00 9.082909100652479806e-01
1.461461461461461386e+00 9.087043806241317245e-01
1.466466466466466390e+00 9.091168080417335595e-01
1.471471471471471393e+00 9.095281685252178949e-01
1.476476476476476396e+00 9.099384382817486960e-01
1.481481481481481399e+00 9.103475935184900392e-01
1.486486486486486402e+00 9.107556104426060006e-01
1.491491491491491406e+00 9.111624652612607678e-01
1.496496496496496409e+00 9.115681341816184169e-01
1.501501501501501412e+00 9.119725935648136383e-01
1.506506506506506415e+00 9.123758316847533356e-01
1.511511511511511419e+00 9.127778570083194820e-01
1.516516516516516422e+00 9.131786799583923031e-01
1.521521521521521425e+00 9.135783109578523575e-01
1.526526526526526428e+00 9.139767604295800929e-01
1.531531531531531432e+00 9.143740387964558458e-01
1.536536536536536435e+00 9.147701564813601749e-01
1.541541541541541438e+00 9.151651239071734167e-01
1.546546546546546441e+00 9.155589514967759079e-01
1.551551551551551444e+00 9.159516496730482071e-01
1.556556556556556448e+00 9.163432288588707619e-01
1.561561561561561451e+00 9.167336994771237979e-01
1.566566566566566454e+00 9.171230719506879847e-01
1.571571571571571457e+00 9.175113567024435479e-01
1.576576576576576461e+00 9.178985641552710462e-01
1.581581581581581464e+00 9.182847047320509271e-01
1.586586586586586467e+00 9.186697888556634162e-01
1.591591591591591470e+00 9.190538269489890721e-01
1.596596596596596473e+00 9.194368294349083426e-01
1.601601601601601477e+00 9.198188065816280679e-01
1.606606606606606702e+00 9.201997584196000002e-01
1.611611611611611705e+00 9.205796685343392571e-01
1.616616616616616708e+00 9.209585190271601940e-01
1.621621621621621712e+00 9.213362919993770550e-01
1.626626626626626715e+00 9.217129695523038624e-01
1.631631631631631718e+00 9.220885337872549714e-01
1.636636636636636721e+00 9.224629668055446263e-01
1.641641641641641725e+00 9.228362507084869604e-01
1.646646646646646728e+00 9.232083675973961068e-01
1.651651651651651731e+00 9.235792995735864208e-01
1.656656656656656734e+00 9.239490287383720357e-01
1.661661661661661737e+00 9.243175371930670847e-01
1.666666666666666741e+00 9.246848070389858121e-01
1.671671671671671744e+00 9.250508203774425731e-01
1.676676676676676747e+00 9.254155593097513899e-01
1.681681681681681750e+00 9.257790059372266178e-01
1.686686686686686754e+00 9.261411423611822791e-01
1.691691691691691757e+00 9.265019506829328400e-01
1.696696696696696760e+00 9.268614130037922116e-01
1.701701701701701763e+00 9.272195115783242736e-01
1.706706706706706766e+00 9.275762374296879775e-01
1.711711711711711770e+00 9.279315949327110458e-01
1.716716716716716773e+00 9.282855895831909621e-01
1.721721721721721776e+00 9.286382268769250992e-01
1.726726726726726779e+00 9.289895123097111629e-01
1.731731731731731783e+00 9.293394513773466370e-01
1.736736736736736786e+00 9.296880495756290053e-01
1.741741741741741789e+00 9.300353124003559735e-01
1.746746746746746792e+00 9.303812453473250255e-01
1.751751751751751796e+00 9.307258539123336449e-01
1.756756756756756799e+00 9.310691435911793157e-01
1.761761761761761802e+00 9.314111198796597435e-01
1.766766766766766805e+00 9.317517882735724122e-01
1.771771771771771808e+00 9.320911542687149165e-01
1.776776776776776812e+00 9.324292233608846292e-01
1.781781781781781815e+00 9.327660010458792561e-01
1.786786786786786818e+00 9.331014928194962810e-01
1.791791791791791821e+00 9.334357041775332986e-01
1.796796796796796825e+00 9.337686406157877927e-01
1.801801801801801828e+00 9.341003075555609492e-01
1.806806806806806831e+00 9.344307066996682121e-01
1.811811811811811834e+00 9.347598343821749145e-01
1.816816816816816837e+00 9.350876865185767661e-01
1.821821821821821841e+00 9.354142590243693656e-01
1.826826826826826844e+00 9.357395478150483115e-01
1.831831831831831847e+00 9.360635488061093135e-01
1.836836836836836850e+00 9.363862579130478592e-01
1.841841841841841854e+00 9.367076710513595472e-01
1.846846846846846857e+00 9.370277841365400873e-01
1.851851851851851860e+00 9.373465930840850779e-01
1.856856856856856863e+00 9.376640938094901179e-01
1.861861861861861867e+00 9.379802822282509167e-01
1.866866866866866870e+00 9.382951542558628510e-01
1.871871871871871873e+00 9.386087058078217416e-01
1.876876876876876876e+00 9.389209327996231869e-01
1.881881881881881879e+00 9.392318311467627856e-01
1.886886886886886883e+00 9.395413967647361364e-01
1.891891891891891886e+00 9.398496255690387269e-01
1.896896896896896889e+00 9.401565134751663777e-01
1.901901901901901892e+00 9.404620565351244910e-01
1.906906906906906896e+00 9.407662567929635511e-01
1.911911911911911899e+00 9.410691244979939585e-01
1.916916916916916902e+00 9.413706704924359459e-01
1.921921921921921905e+00 9.416709056185093019e-01
1.926926926926926908e+00 9.419698407184340372e-01
1.931931931931931912e+00 9.422674866344303846e-01
1.936936936936936915e+00 9.425638542087180216e-01
1.941941941941941918e+00 9.428589542835170700e-01
1.946946946946946921e+00 9.431527977010476516e-01
1.951951951951951925e+00 9.434453953035295548e-01
1.956956956956956928e+00 9.437367579331827905e-01
1.961961961961961931e+00 9.440268964322274803e-01
1.966966966966966934e+00 9.443158216428835239e-01
1.971971971971971938e+00 9.446035444073710430e-01
1.976976976976976941e+00 9.448900755679098262e-01
1.981981981981981944e+00 9.451754259667198843e-01
1.986986986986986947e+00 9.454596064460214500e-01
1.991991991991991950e+00 9.457426278480342008e-01
1.996996996996996954e+00 9.460245010149783695e-01
2.002002002002002179e+00 9.463052365513291431e-01
2.007007007007007182e+00 9.465848358192378020e-01
2.012012012012012185e+00 9.468632881747496288e-01
2.017017017017017189e+00 9.471405821715215279e-01
2.022022022022022192e+00 9.474167063632106256e-01
2.027027027027027195e+00 9.476916493034740485e-01
2.032032032032032198e+00 9.479653995459685900e-01
2.037037037037037202e+00 9.482379456443513766e-01
2.042042042042042205e+00 9.485092761522794236e-01
2.047047047047047208e+00 9.487793796234097465e-01
2.052052052052052211e+00 9.490482446113993609e-01
2.057057057057057214e+00 9.493158596699053930e-01
2.062062062062062218e+00 9.495822133525847475e-01
2.067067067067067221e+00 9.498472942130943286e-01
2.072072072072072224e+00 9.501110908050914849e-01
2.077077077077077227e+00 9.503735916822328988e-01
2.082082082082082231e+00 9.506347853981758078e-01
2.087087087087087234e+00 9.508946605065771163e-01
2.092092092092092237e+00 9.511532055610939507e-01
2.097097097097097240e+00 9.514104091153832155e-01
2.102102102102102243e+00 9.516662599521754640e-01
2.107107107107107247e+00 9.519207547909372957e-01
2.112112112112112250e+00 9.521739001335191022e-01
2.117117117117117253e+00 9.524257030850401540e-01
2.122122122122122256e+00 9.526761707506199439e-01
2.127127127127127260e+00 9.529253102353778537e-01
2.132132132132132263e+00 9.531731286444329321e-01
2.137137137137137266e+00 9.534196330829046717e-01
2.142142142142142269e+00 9.536648306559123434e-01
2.147147147147147273e+00 9.539087284685753287e-01
2.152152152152152276e+00 9.541513336260130096e-01
2.157157157157157279e+00 9.543926532333445456e-01
2.162162162162162282e+00 9.546326943956893185e-01
2.167167167167167285e+00 9.548714642181667100e-01
2.172172172172172289e+00 9.551089698058961019e-01
2.177177177177177292e+00 9.553452182639965429e-01
2.182182182182182295e+00 9.555802166975877476e-01
2.187187187187187298e+00 9.558139722117886539e-01
2.192192192192192302e+00 9.560464919117188654e-01
2.197197197197197305e+00 9.562777829024975418e-01
2.202202202202202308e+00 9.565078523426088219e-01
2.207207207207207311e+00 9.567367090476869285e-01
2.212212212212212314e+00 9.569643637716132023e-01
2.217217217217217318e+00 9.571908273782859800e-01
2.222222222222222321e+00 9.574161107316035979e-01
2.227227227227227324e+00 9.576402246954641706e-01
2.232232232232232327e+00 9.578631801337661456e-01
2.237237237237237331e+00 9.580849879104077482e-01
2.242242242242242334e+00 9.583056588892873151e-01
2.247247247247247337e+00 9.585252039343030717e-01
2.252252252252252340e+00 9.587436339093533544e-01
2.257257257257257343e+00 9.589609596783363887e-01
2.262262262262262347e+00 9.591771921051505112e-01
2.267267267267267350e+00 9.593923420536939473e-01
2.272272272272272353e+00 9.596064203878650334e-01
2.277277277277277356e+00 9.598194379715619950e-01
2.282282282282282360e+00 9.600314056686831687e-01
2.287287287287287363e+00 9.602423343431268909e-01
2.292292292292292366e+00 9.604522348587913871e-01
2.297297297297297369e+00 9.606611180795749938e-01
2.302302302302302373e+00 9.608689946406370197e-01
2.307307307307307376e+00 9.610758687785959653e-01
2.312312312312312379e+00 9.612817376274340742e-01
2.317317317317317382e+00 9.614865979510942573e-01
2.322322322322322385e+00 9.616904465135195368e-01
2.327327327327327389e+00 9.618932800786528237e-01
2.332332332332332392e+00 9.620950954104371400e-01
2.337337337337337395e+00 9.622958892728153968e-01
2.342342342342342398e+00 9.624956584297305051e-01
2.347347347347347402e+00 9.626943996451253760e-01
2.352352352352352405e+00 9.628921096829431425e-01
2.357357357357357408e+00 9.630887853071267157e-01
2.362362362362362411e+00 9.632844232816188956e-01
2.367367367367367414e+00 9.634790203703629263e-01
2.372372372372372418e+00 9.636725733373014968e-01
2.377377377377377421e+00 9.638650789463776292e-01
2.382382382382382424e+00 9.640565339615343454e-01
2.387387387387387427e+00 9.642469351467145566e-01
2.392392392392392431e+00 9.644362792658612848e-01
2.397397397397397434e+00 9.646245630829174411e-01
2.402402402402402437e+00 9.648117835624397953e-01
2.407407407407407440e+00 9.649979427471370164e-01
2.412412412412412444e+00 9.651830480298828618e-01
2.417417417417417447e+00 9.653671070586137271e-01
2.422422422422422450e+00 9.655501274812660073e-01
2.427427427427427453e+00 9.657321169457760979e-01
2.432432432432432456e+00 9.659130831000803941e-01
2.437437437437437460e+00 9.660930335921152912e-01
2.442442442442442463e+00 9.662719760698172955e-01
2.447447447447447466e+00 9.664499181811225803e-01
2.452452452452452469e+00 9.666268675739677629e-01
2.457457457457457473e+00 9.668028318962891277e-01
2.462462462462462476e+00 9.669778187960231808e-01
2.467467467467467479e+00 9.671518359211063176e-01
2.472472472472472482e+00 9.673248909194748224e-01
2.477477477477477485e+00 9.674969914390650905e-01
2.482482482482482489e+00 9.676681451278137391e-01
2.487487487487487492e+00 9.678383596336569417e-01
2.492492492492492495e+00 9.680076426045312044e-01
2.497497497497497498e+00 9.681760016883729225e-01
2.502502502502502502e+00 9.683434444418311804e-01
2.507507507507507505e+00 9.685099763219479074e-01
2.512512512512512508e+00 9.686756006861575452e-01
2.517517517517517511e+00 9.688403208006075573e-01
2.522522522522522515e+00 9.690041399314451853e-01
2.527527527527527518e+00 9.691670613448175597e-01
2.532532532532532521e+00 9.693290883068722552e-01
2.537537537537537524e+00 9.694902240837562912e-01
2.542542542542542527e+00 9.696504719416171314e-01
2.547547547547547531e+00 9.698098351466020173e-01
2.552552552552552534e+00 9.699683169648583014e-01
2.557557557557557537e+00 9.701259206625332254e-01
2.562562562562562540e+00 9.702826495057740308e-01
2.567567567567567544e+00 9.704385067607281812e-01
2.572572572572572547e+00 9.705934956935428071e-01
2.577577577577577550e+00 9.707476195703651500e-01
2.582582582582582553e+00 9.709008816573427847e-01
2.587587587587587556e+00 9.710532852206227306e-01
2.592592592592592560e+00 9.712048335263524512e-01
2.597597597597597563e+00 9.713555298406790772e-01
2.602602602602602566e+00 9.715053774549553545e-01
2.607607607607607569e+00 9.716543801892373322e-01
2.612612612612612573e+00 9.718025423654039763e-01
2.617617617617617576e+00 9.719498683251590609e-01
2.622622622622622579e+00 9.720963624102063605e-01
2.627627627627627582e+00 9.722420289622497602e-01
2.632632632632632586e+00 9.723868723229928124e-01
2.637637637637637589e+00 9.725308968341394023e-01
2.642642642642642592e+00 9.726741068373934151e-01
2.647647647647647595e+00 9.728165066744582923e-01
2.652652652652652598e+00 9.729581006870380300e-01
2.657657657657657602e+00 9.730988932168364025e-01
2.662662662662662605e+00 9.732388886055570731e-01
2.667667667667667608e+00 9.733780911949038162e-01
2.672672672672672611e+00 9.735165053265802948e-01
2.677677677677677615e+00 9.736541353422905054e-01
2.682682682682682618e+00 9.737909855837381112e-01
2.687687687687687621e+00 9.739270603926267755e-01
2.692692692692692624e+00 9.740623641106603836e-01
2.697697697697697627e+00 9.741969010795425987e-01
2.702702702702702631e+00 9.743306756430653026e-01
2.707707707707707634e+00 9.744636921850990952e-01
2.712712712712712637e+00 9.745959551256201392e-01
2.717717717717717640e+00 9.747274688858955649e-01
2.722722722722722644e+00 9.748582378871922804e-01
2.727727727727727647e+00 9.749882665507774160e-01
2.732732732732732650e+00 9.751175592979178797e-01
2.737737737737737653e+00 9.752461205498806907e-01
2.742742742742742657e+00 9.753739547279328681e-01
2.747747747747747660e+00 9.755010662533413202e-01
2.752752752752752663e+00 9.756274595473732880e-01
2.757757757757757666e+00 9.757531390312954578e-01
2.762762762762762669e+00 9.758781091263750707e-01
2.767767767767767673e+00 9.760023742538791458e-01
2.772772772772772676e+00 9.761259388350744803e-01
2.777777777777777679e+00 9.762488072912283155e-01
2.782782782782782682e+00 9.763709840436074483e-01
2.787787787787787686e+00 9.764924735134790090e-01
2.792792792792792689e+00 9.766132801221099058e-01
2.797797797797797692e+00 9.767334082907673798e-01
2.802802802802802695e+00 9.768528623999221949e-01
2.807807807807807698e+00 9.769716461113159278e-01
2.812812812812812702e+00 9.770897624721942565e-01
2.817817817817817705e+00 9.772072145100147988e-01
2.822822822822822708e+00 9.773240052522352839e-01
2.827827827827827711e+00 9.774401377263131074e-01
2.832832832832832715e+00 9.775556149597057765e-01
2.837837837837837718e+00 9.776704399798710199e-01
2.842842842842842721e+00 9.777846158142664557e-01
2.847847847847847724e+00 9.778981454903493686e-01
2.852852852852852727e+00 9.780110320355775988e-01
2.857857857857857731e+00 9.781232784774085420e-01
2.862862862862862734e+00 9.782348878432998163e-01
2.867867867867867737e+00 9.783458631607089284e-01
2.872872872872872740e+00 9.784562074570936074e-01
2.877877877877877744e+00 9.785659237599112492e-01
2.882882882882882747e+00 9.786750150966194717e-01
2.887887887887887750e+00 9.787834844946758928e-01
2.892892892892892753e+00 9.788913349815380194e-01
2.897897897897897757e+00 9.789985695846634695e-01
2.902902902902902760e+00 9.791051913291705100e-01
2.907907907907907763e+00 9.792112032022473045e-01
2.912912912912912766e+00 9.793166081603074113e-01
2.917917917917917769e+00 9.794214091588765436e-01
2.922922922922922773e+00 9.795256091534801923e-01
2.927927927927927776e+00 9.796292110996439595e-01
2.932932932932932779e+00 9.797322179528933361e-01
2.937937937937937782e+00 9.798346326687539243e-01
2.942942942942942786e+00 9.799364582027513260e-01
2.947947947947947789e+00 9.800376975104110322e-01
2.952952952952952792e+00 9.801383535472587560e-01
2.957957957957957795e+00 9.802384292688197664e-01
2.962962962962962798e+00 9.803379276306198875e-01
2.967967967967967802e+00 9.804368515881846102e-01
2.972972972972972805e+00 9.805352040970394256e-01
2.977977977977977808e+00 9.806329881127099357e-01
2.982982982982982811e+00 9.807302065907217425e-01
2.987987987987987815e+00 9.808268624866004481e-01
2.992992992992992818e+00 9.809229587558714325e-01
2.997997997997997821e+00 9.810184983540604087e-01
3.003003003003002824e+00 9.811134842972283332e-01
3.008008008008007828e+00 9.812079205072240518e-01
3.013013013013012831e+00 9.813018116031744231e-01
3.018018018018017834e+00 9.813951622221422921e-01
3.023023023023022837e+00 9.814879770011908366e-01
3.028028028028027840e+00 9.815802605773829015e-01
3.033033033033032844e+00 9.816720175877816645e-01
3.038038038038037847e+00 9.817632526694499706e-01
3.043043043043042850e+00 9.818539704594508866e-01
3.048048048048047853e+00 9.819441755948474793e-01
3.053053053053052857e+00 9.820338727127028156e-01
3.058058058058057860e+00 9.821230664500797403e-01
3.063063063063062863e+00 9.822117614440413202e-01
3.068068068068067866e+00 9.822999623316506224e-01
3.073073073073072869e+00 9.823876737499706024e-01
3.078078078078077873e+00 9.824749003360643274e-01
3.083083083083082876e+00 9.825616467269948640e-01
3.088088088088087879e+00 9.826479175598250571e-01
3.093093093093092882e+00 9.827337174716179735e-01
3.098098098098097886e+00 9.828190510994367912e-01
3.103103103103102889e+00 9.829039229266062216e-01
3.108108108108107892e+00 9.829883353088743059e-01
3.113113113113112895e+00 9.830722890482855858e-01
3.118118118118117899e+00 9.831557849114885839e-01
3.123123123123122902e+00 9.832388236651318225e-01
3.128128128128127905e+00 9.833214060758636021e-01
3.133133133133132908e+00 9.834035329103326672e-01
3.138138138138137911e+00 9.834852049351872072e-01
3.143143143143142915e+00 9.835664229170759665e-01
3.148148148148147918e+00 9.836471876226471345e-01
3.153153153153152921e+00 9.837274998185494557e-01
3.158158158158157924e+00 9.838073602714312305e-01
3.163163163163162928e+00 9.838867697479408703e-01
3.168168168168167931e+00 9.839657290147270086e-01
3.173173173173172934e+00 9.840442388384380568e-01
3.178178178178177937e+00 9.841222999857224263e-01
3.183183183183182940e+00 9.841999132232287506e-01
3.188188188188187944e+00 9.842770793176052191e-01
3.193193193193192947e+00 9.843537990355005762e-01
3.198198198198197950e+00 9.844300731435632335e-01
3.203203203203202953e+00 9.845059025248731333e-01
3.208208208208208401e+00 9.845812895559105105e-01
3.213213213213213404e+00 9.846562376475092027e-01
3.218218218218218407e+00 9.847307502312252492e-01
3.223223223223223410e+00 9.848048307386148004e-01
3.228228228228228414e+00 9.848784826012340066e-01
3.233233233233233417e+00 9.849517092506391291e-01
3.238238238238238420e+00 9.850245141183862074e-01
3.243243243243243423e+00 9.850969006360313918e-01
3.248248248248248427e+00 9.851688722351308325e-01
3.253253253253253430e+00 9.852404323472406800e-01
3.258258258258258433e+00 9.853115844039171956e-01
3.263263263263263436e+00 9.853823318367163075e-01
3.268268268268268439e+00 9.854526780771942773e-01
3.273273273273273443e+00 9.855226265569072552e-01
3.278278278278278446e+00 9.855921807074112806e-01
3.283283283283283449e+00 9.856613439602627258e-01
3.288288288288288452e+00 9.857301197470175191e-01
3.293293293293293456e+00 9.857985114992319220e-01
3.298298298298298459e+00 9.858665226484619737e-01
3.303303303303303462e+00 9.859341565677293140e-01
3.308308308308308465e+00 9.860014159328598371e-01
3.313313313313313468e+00 9.860683029618025897e-01
3.318318318318318472e+00 9.861348198645040197e-01
3.323323323323323475e+00 9.862009688509105754e-01
3.328328328328328478e+00 9.862667521309689267e-01
3.333333333333333481e+00 9.863321719146254107e-01
3.338338338338338485e+00 9.863972304118265866e-01
3.343343343343343488e+00 9.864619298325190133e-01
3.348348348348348491e+00 9.865262723866492500e-01
3.353353353353353494e+00 9.865902602841637448e-01
3.358358358358358497e+00 9.866538957350089456e-01
3.363363363363363501e+00 9.867171809491314116e-01
3.368368368368368504e+00 9.867801181364777019e-01
3.373373373373373507e+00 9.868427095069943755e-01
3.378378378378378510e+00 9.869049572706277695e-01
3.383383383383383514e+00 9.869668636373245540e-01
3.388388388388388517e+00 9.870284308170310661e-01
3.393393393393393520e+00 9.870896610196940868e-01
3.398398398398398523e+00 9.871505564552598422e-01
3.403403403403403527e+00 9.872111193042090171e-01
3.408408408408408530e+00 9.872713514205380125e-01
3.413413413413413533e+00 9.873312544549918135e-01
3.418418418418418536e+00 9.873908300552445283e-01
3.423423423423423539e+00 9.874500798689701542e-01
3.428428428428428543e+00 9.875090055438429104e-01
3.433433433433433546e+00 9.875676087275369053e-01
3.438438438438438549e+00 9.876258910677261360e-01
3.443443443443443552e+00 9.876838542120847109e-01
3.448448448448448556e+00 9.877414998082869602e-01
3.453453453453453559e+00 9.877988295040066591e-01
3.458458458458458562e+00 9.878558449469182490e-01
3.463463463463463565e+00 9.879125477846955050e-01
3.468468468468468568e+00 9.879689396650128685e-01
3.473473473473473572e+00 9.880250222355442258e-01
3.478478478478478575e+00 9.880807971439636850e-01
3.483483483483483578e+00 9.881362660379454654e-01
3.488488488488488581e+00 9.881914305651635644e-01
3.493493493493493585e+00 9.882462923732922011e-01
3.498498498498498588e+00 9.883008531100053728e-01
3.503503503503503591e+00 9.883551144622448881e-01
3.508508508508508594e+00 9.884090785223353937e-01
3.513513513513513598e+00 9.884627476217558995e-01
3.518518518518518601e+00 9.885161240950767203e-01
3.523523523523523604e+00 9.885692102768677270e-01
3.528528528528528607e+00 9.886220085016992343e-01
3.533533533533533610e+00 9.886745211041412240e-01
3.538538538538538614e+00 9.887267504187637890e-01
3.543543543543543617e+00 9.887786987801370220e-01
3.548548548548548620e+00 9.888303685228310158e-01
3.553553553553553623e+00 9.888817619814159743e-01
3.558558558558558627e+00 9.889328814904619902e-01
3.563563563563563630e+00 9.889837293845390453e-01
3.568568568568568633e+00 9.890343079982172325e-01
3.573573573573573636e+00 9.890846196660668666e-01
3.578578578578578639e+00 9.891346667226578182e-01
3.583583583583583643e+00 9.891844515025602913e-01
3.588588588588588646e+00 9.892339763403442676e-01
3.593593593593593649e+00 9.892832435705800620e-01
3.598598598598598652e+00 9.893322555278376562e-01
3.603603603603603656e+00 9.893810144107432203e-01
3.608608608608608659e+00 9.894295211083912189e-01
3.613613613613613662e+00 9.894777757780353067e-01
3.618618618618618665e+00 9.895257785689342001e-01
3.623623623623623669e+00 9.895735296303463935e-01
3.628628628628628672e+00 9.896210291115303814e-01
3.633633633633633675e+00 9.896682771617446583e-01
3.638638638638638678e+00 9.897152739302478297e-01
3.643643643643643681e+00 9.897620195662983900e-01
3.648648648648648685e+00 9.898085142191549446e-01
3.653653653653653688e+00 9.898547580380758770e-01
3.658658658658658691e+00 9.899007511723199038e-01
3.663663663663663694e+00 9.899464937711454082e-01
3.668668668668668698e+00 9.899919859838109959e-01
3.673673673673673701e+00 9.900372279595751612e-01
3.678678678678678704e+00 9.900822198476965097e-01
3.683683683683683707e+00 9.901269617974335358e-01
3.688688688688688710e+00 9.901714539580447338e-01
3.693693693693693714e+00 9.902156964787885984e-01
3.698698698698698717e+00 9.902596895089237350e-01
3.703703703703703720e+00 9.903034333656567378e-01
3.708708708708708723e+00 9.903469298777729524e-01
3.713713713713713727e+00 9.903901816739901776e-01
3.718718718718718730e+00 9.904331913903107187e-01
3.723723723723723733e+00 9.904759616627367702e-01
3.728728728728728736e+00 9.905184951272707483e-01
3.733733733733733740e+00 9.905607944199148474e-01
3.738738738738738743e+00 9.906028621766713727e-01
3.743743743743743746e+00 9.906447010335426295e-01
3.748748748748748749e+00 9.906863136265309233e-01
3.753753753753753752e+00 9.907277025916385593e-01
3.758758758758758756e+00 9.907688705648678429e-01
3.763763763763763759e+00 9.908098201822209683e-01
3.768768768768768762e+00 9.908505540797002409e-01
3.773773773773773765e+00 9.908910748933079660e-01
3.778778778778778769e+00 9.909313852590464489e-01
3.783783783783783772e+00 9.909714878129179949e-01
3.788788788788788775e+00 9.910113851909249094e-01
3.793793793793793778e+00 9.910510800290694977e-01
3.798798798798798781e+00 9.910905749633539541e-01
3.803803803803803785e+00 9.911298724692575446e-01
3.808808808808808788e+00 9.911689736707672838e-01
3.813813813813813791e+00 9.912078790148834972e-01
3.818818818818818794e+00 9.912465889435517763e-01
3.823823823823823798e+00 9.912851038987171570e-01
3.828828828828828801e+00 9.913234243223253417e-01
3.833833833833833804e+00 9.913615506563213664e-01
3.838838838838838807e+00 9.913994833426508224e-01
3.843843843843843811e+00 9.914372228232589679e-01
3.848848848848848814e+00 9.914747695400910610e-01
3.853853853853853817e+00 9.915121239350925819e-01
3.858858858858858820e+00 9.915492864502087889e-01
3.863863863863863823e+00 9.915862575273851620e-01
3.868868868868868827e+00 9.916230376085668485e-01
3.873873873873873830e+00 9.916596271356994396e-01
3.878878878878878833e+00 9.916960265507280825e-01
3.883883883883883836e+00 9.917322362955982573e-01
3.888888888888888840e+00 9.917682568122553333e-01
3.893893893893893843e+00 9.918040885426444575e-01
3.898898898898898846e+00 9.918397319287112213e-01
3.903903903903903849e+00 9.918751874694955450e-01
3.908908908908908852e+00 9.919104561141937060e-01
3.913913913913913856e+00 9.919455390253473226e-01
3.918918918918918859e+00 9.919804373667793218e-01
3.923923923923923862e+00 9.920151523023124085e-01
3.928928928928928865e+00 9.920496849957695096e-01
3.933933933933933869e+00 9.920840366109734410e-01
3.938938938938938872e+00 9.921182083117470185e-01
3.943943943943943875e+00 9.921522012619130582e-01
3.948948948948948878e+00 9.921860166252942648e-01
3.953953953953953881e+00 9.922196555657136763e-01
3.958958958958958885e+00 9.922531192469941086e-01
3.963963963963963888e+00 9.922864088329582666e-01
3.968968968968968891e+00 9.923195254874289661e-01
3.973973973973973894e+00 9.923524703742291342e-01
3.978978978978978898e+00 9.923852446571814756e-01
3.983983983983983901e+00 9.924178495001090283e-01
3.988988988988988904e+00 9.924502860668343862e-01
3.993993993993993907e+00 9.924825555211805872e-01
3.998998998998998911e+00 9.925146590269702251e-01
4.004004004004004358e+00 9.925465976888516728e-01
4.009009009009009361e+00 9.925783721741353594e-01
4.014014014014014364e+00 9.926099829541157327e-01
4.019019019019019368e+00 9.926414304991626469e-01
4.024024024024024371e+00 9.926727152796459563e-01
4.029029029029029374e+00 9.927038377659356261e-01
4.034034034034034377e+00 9.927347984284013993e-01
4.039039039039039380e+00 9.927655977374132412e-01
4.044044044044044384e+00 9.927962361633408950e-01
4.049049049049049387e+00 9.928267141765543258e-01
4.054054054054054390e+00 9.928570322474233878e-01
4.059059059059059393e+00 9.928871908463178242e-01
4.064064064064064397e+00 9.929171904436076002e-01
4.069069069069069400e+00 9.929470315096625699e-01
4.074074074074074403e+00 9.929767145148525875e-01
4.079079079079079406e+00 9.930062399295475073e-01
4.084084084084084409e+00 9.930356082241171833e-01
4.089089089089089413e+00 9.930648198689314698e-01
4.094094094094094416e+00 9.930938753343603320e-01
4.099099099099099419e+00 9.931227750907734020e-01
4.104104104104104422e+00 9.931515197971025888e-01
4.109109109109109426e+00 9.931801114197366109e-01
4.114114114114114429e+00 9.932085524789849851e-01
4.119119119119119432e+00 9.932368454971521876e-01
4.124124124124124435e+00 9.932649929965424729e-01
4.129129129129129439e+00 9.932929974994598732e-01
4.134134134134134442e+00 9.933208615282088649e-01
4.139139139139139445e+00 9.933485876050935914e-01
4.144144144144144448e+00 9.933761782524184181e-01
4.149149149149149451e+00 9.934036359924873771e-01
4.154154154154154455e+00 9.934309633476048340e-01
4.159159159159159458e+00 9.934581628400751541e-01
4.164164164164164461e+00 9.934852369922023696e-01
4.169169169169169464e+00 9.935121883262908460e-01
4.174174174174174468e+00 9.935390193646447266e-01
4.179179179179179471e+00 9.935657326295684877e-01
4.184184184184184474e+00 9.935923306433661617e-01
4.189189189189189477e+00 9.936188159283420029e-01
4.194194194194194480e+00 9.936451910068003768e-01
4.199199199199199484e+00 9.936714584010455376e-01
4.204204204204204487e+00 9.936976201660856489e-01
4.209209209209209490e+00 9.937236753146875268e-01
4.214214214214214493e+00 9.937496216419030581e-01
4.219219219219219497e+00 9.937754569395554904e-01
4.224224224224224500e+00 9.938011789994676271e-01
4.229229229229229503e+00 9.938267856134622713e-01
4.234234234234234506e+00 9.938522745733625596e-01
4.239239239239239510e+00 9.938776436709912954e-01
4.244244244244244513e+00 9.939028906981715039e-01
4.249249249249249516e+00 9.939280134467260996e-01
4.254254254254254519e+00 9.939530097084778859e-01
4.259259259259259522e+00 9.939778772752498881e-01
4.264264264264264526e+00 9.940026139388650206e-01
4.269269269269269529e+00 9.940272174911461978e-01
4.274274274274274532e+00 9.940516857239164450e-01
4.279279279279279535e+00 9.940760164289985656e-01
4.284284284284284539e+00 9.941002073982154741e-01
4.289289289289289542e+00 9.941242564233901957e-01
4.294294294294294545e+00 9.941481612963457559e-01
4.299299299299299548e+00 9.941719198089048470e-01
4.304304304304304551e+00 9.941955303608304151e-01
4.309309309309309555e+00 9.942189950705372370e-01
4.314314314314314558e+00 9.942423174620032000e-01
4.319319319319319561e+00 9.942655010618292044e-01
4.324324324324324564e+00 9.942885493966160393e-01
4.329329329329329568e+00 9.943114659929642718e-01
4.334334334334334571e+00 9.943342543774749132e-01
4.339339339339339574e+00 9.943569180767486415e-01
4.344344344344344577e+00 9.943794606173862460e-01
4.349349349349349581e+00 9.944018855259885159e-01
4.354354354354354584e+00 9.944241963291562403e-01
4.359359359359359587e+00 9.944463965534900973e-01
4.364364364364364590e+00 9.944684897255908762e-01
4.369369369369369593e+00 9.944904793720594771e-01
4.374374374374374597e+00 9.945123690194966892e-01
4.379379379379379600e+00 9.945341621945030797e-01
4.384384384384384603e+00 9.945558624236795486e-01
4.389389389389389606e+00 9.945774732336268853e-01
4.394394394394394610e+00 9.945989981509458788e-01
4.399399399399399613e+00 9.946204407022373184e-01
4.404404404404404616e+00 9.946418039268931643e-01
4.409409409409409619e+00 9.946630880626275983e-01
4.414414414414414622e+00 9.946842923476627574e-01
4.419419419419419626e+00 9.947054160189858774e-01
4.424424424424424629e+00 9.947264583135838611e-01
4.429429429429429632e+00 9.947474184684437226e-01
4.434434434434434635e+00 9.947682957205523646e-01
4.439439439439439639e+00 9.947890893068970231e-01
4.444444444444444642e+00 9.948097984644646008e-01
4.449449449449449645e+00 9.948304224302420007e-01
4.454454454454454648e+00 9.948509604412163476e-01
4.459459459459459651e+00 9.948714117343747665e-01
4.464464464464464655e+00 9.948917755467040491e-01
4.469469469469469658e+00 9.949120511151912094e-01
4.474474474474474661e+00 9.949322376768234832e-01
4.479479479479479664e+00 9.949523344685876625e-01
4.484484484484484668e+00 9.949723407274708720e-01
4.489489489489489671e+00 9.949922556904600146e-01
4.494494494494494674e+00 9.950120785945422153e-01
4.499499499499499677e+00 9.950318086767044878e-01
4.504504504504504681e+00 9.950514452089821438e-01
4.509509509509509684e+00 9.950709876529796327e-01
4.514514514514514687e+00 9.950904355341001484e-01
4.519519519519519690e+00 9.951097883777948461e-01
4.524524524524524693e+00 9.951290457095148811e-01
4.529529529529529697e+00 9.951482070547114089e-01
4.534534534534534700e+00 9.951672719388358068e-01
4.539539539539539703e+00 9.951862398873388971e-01
4.544544544544544706e+00 9.952051104256721681e-01
4.549549549549549710e+00 9.952238830792867752e-01
4.554554554554554713e+00 9.952425573736337627e-01
4.559559559559559716e+00 9.952611328341643970e-01
4.564564564564564719e+00 9.952796089863298334e-01
4.569569569569569722e+00 9.952979853555813383e-01
4.574574574574574726e+00 9.953162614673699560e-01
4.579579579579579729e+00 9.953344368471469528e-01
4.584584584584584732e+00 9.953525110203635951e-01
4.589589589589589735e+00 9.953704835124709271e-01
4.594594594594594739e+00 9.953883538489201044e-01
4.599599599599599742e+00 9.954061215551625041e-01
4.604604604604604745e+00 9.954237865636118565e-01
4.609609609609609748e+00 9.954413508779208497e-01
4.614614614614614752e+00 9.954588171590299517e-01
4.619619619619619755e+00 9.954761880681476383e-01
4.624624624624624758e+00 9.954934662664820522e-01
4.629629629629629761e+00 9.955106544152414472e-01
4.634634634634634764e+00 9.955277551756341881e-01
4.639639639639639768e+00 9.955447712088683065e-01
4.644644644644644771e+00 9.955617051761522784e-01
4.649649649649649774e+00 9.955785597386942465e-01
4.654654654654654777e+00 9.955953375577024644e-01
4.659659659659659781e+00 9.956120412943851861e-01
4.664664664664664784e+00 9.956286736099507761e-01
4.669669669669669787e+00 9.956452371656072664e-01
4.674674674674674790e+00 9.956617346225631326e-01
4.679679679679679793e+00 9.956781686420265176e-01
4.684684684684684797e+00 9.956945418852057861e-01
4.689689689689689800e+00 9.957108570133090808e-01
4.694694694694694803e+00 9.957271166875446555e-01
4.699699699699699806e+00 9.957433235691207640e-01
4.704704704704704810e+00 9.957594796990648645e-01
4.709709709709709813e+00 9.957755841473270308e-01
4.714714714714714816e+00 9.957916350951941942e-01
4.719719719719719819e+00 9.958076307237918590e-01
4.724724724724724823e+00 9.958235692142456408e-01
4.729729729729729826e+00 9.958394487476810442e-01
4.734734734734734829e+00 9.958552675052236847e-01
4.739739739739739832e+00 9.958710236679991779e-01
4.744744744744744835e+00 9.958867154171331393e-01
4.749749749749749839e+00 9.959023409337509625e-01
4.754754754754754842e+00 9.959178983989784850e-01
4.759759759759759845e+00 9.959333859939411004e-01
4.764764764764764848e+00 9.959488018997643133e-01
4.769769769769769852e+00 9.959641442975739611e-01
4.774774774774774855e+00 9.959794113684954375e-01
4.779779779779779858e+00 9.959946012936544690e-01
4.784784784784784861e+00 9.960097122541764492e-01
4.789789789789789864e+00 9.960247424311869935e-01
4.794794794794794868e+00 9.960396900058118286e-01
4.799799799799799871e+00 9.960545531591763480e-01
4.804804804804804874e+00 9.960693306105263822e-01
4.809809809809809877e+00 9.960840235062924375e-01
4.814814814814814881e+00 9.960986336769217520e-01
4.819819819819819884e+00 9.961131629529004217e-01
4.824824824824824887e+00 9.961276131647148757e-01
4.829829829829829890e+00 9.961419861428509881e-01
4.834834834834834894e+00 9.961562837177950769e-01
4.839839839839839897e+00 9.961705077200332381e-01
4.844844844844844900e+00 9.961846599800517899e-01
4.849849849849849903e+00 9.961987423283367171e-01
4.854854854854854906e+00 9.962127565953743380e-01
4.859859859859859910e+00 9.962267046116507485e-01
4.864864864864864913e+00 9.962405882076521557e-01
4.869869869869869916e+00 9.962544092138647667e-01
4.874874874874874919e+00 9.962681694607746774e-01
4.879879879879879923e+00 9.962818707788679840e-01
4.884884884884884926e+00 9.962955149986311154e-01
4.889889889889889929e+00 9.963091039505499458e-01
4.894894894894894932e+00 9.963226394651109041e-01
4.899899899899899935e+00 9.963361233727999755e-01
4.904904904904904939e+00 9.963495571397505968e-01
4.909909909909909942e+00 9.963629406845423420e-01
4.914914914914914945e+00 9.963762735149538363e-01
4.919919919919919948e+00 9.963895551387607075e-01
4.924924924924924952e+00 9.964027850637385830e-01
4.929929929929929955e+00 9.964159627976629796e-01
4.934934934934934958e+00 9.964290878483096359e-01
4.939939939939939961e+00 9.964421597234540684e-01
4.944944944944944965e+00 9.964551779308719048e-01
4.949949949949949968e+00 9.964681419783387728e-01
4.954954954954954971e+00 9.964810513736301889e-01
4.959959959959959974e+00 9.964939056245218918e-01
4.964964964964964977e+00 9.965067042387893981e-01
4.969969969969969981e+00 9.965194467242082244e-01
4.974974974974974984e+00 9.965321325885542203e-01
4.979979979979979987e+00 9.965447613396026805e-01
4.984984984984984990e+00 9.965573324851295656e-01
4.989989989989989994e+00 9.965698455329101701e-01
4.994994994994994997e+00 9.965822999907202329e-01
5.000000000000000000e+00 9.965946953663353813e-01
